Kurv=[
0.363796 0.036882
0.561620 0.144178
0.692386 0.261530
0.715856 0.308472
0.729268 0.352060
0.712504 0.419120
0.638738 0.670592
0.564974 0.774534
0.457680 0.871770
0.454326 0.871770
0.320208 0.938828
0.246442 0.955594
0.165972 0.965652
0.062030 0.958946
-0.045264 0.925416
-0.112324 0.895240
-0.145854 0.865064
-0.179384 0.787946
-0.216266 0.657180
-0.239736 0.559944
-0.269914 0.506296
-0.330266 0.482826
-0.404032 0.479474
-0.461032 0.513002
-0.511326 0.556592
-0.554914 0.630356
-0.581738 0.660534
-0.585092 0.660534
-0.595150 0.667240
-0.638738 0.660534
-0.685680 0.643768
-0.729268 0.600180
-0.772858 0.502944
-0.786270 0.449296
-0.792976 0.362120
-0.796328 0.298414
-0.799680 0.191118
-0.809740 0.140824
-0.839916 0.080472
-0.900270 -0.057000
-0.920388 -0.114000
-0.930446 -0.174354
-0.927094 -0.214590
-0.920388 -0.241414
-0.890210 -0.268236
-0.786270 -0.318532
-0.571680 -0.399002
-0.548208 -0.429178
-0.534798 -0.466062
-0.538150 -0.516356
-0.544856 -0.600180
-0.544856 -0.673944
-0.528092 -0.747710
-0.494562 -0.794652
-0.454326 -0.831534
-0.387266 -0.878476
-0.310148 -0.908652
-0.202854 -0.932122
0.159266 -0.938828
0.290032 -0.908652
0.420796 -0.865064
0.551562 -0.794652
0.665562 -0.700768
0.749386 -0.613592
0.813092 -0.523062
0.849976 -0.435884
0.860034 -0.342002
0.860034 -0.301766
0.846622 -0.268236
0.799680 -0.234708
0.762798 -0.228002
0.702446 -0.231354
0.628680 -0.251472
0.541504 -0.258178
0.484502 -0.248120
0.390620 -0.228002
0.306796 -0.207884
0.269914 -0.187766
0.236384 -0.150884
0.236384 -0.080472
0.266560 -0.030176
0.320208 0.010058
0.363796 0.036882
];





